0000   05 00 07 00 00 00 00 00 00 00 00 00 99 dc 56 95   ..............V.
0010   8c 82 cf 11 a3 7e 00 aa 00 32 40 c7 00 00 00 00   .....~...2@.....

0020   55 73 65 72
                   0d 00 00 00 1a 00 00 00 0d 00 00 00   User............
0030   57 00 69 00 6e 00 33 00 32 00 5f 00 50 00 72 00   W.i.n.3.2._.P.r.
0040   6f 00 63 00 65 00 73 00 73 00 00 00
                                           00 00 00 00   o.c.e.s.s.......
0050   00 00 00 00
                   00 00 02 00
                               00 00 00 00
                                           04 00 02 00   ................
0060   00 00 00 00                                       ....
